400
118 400
18 399
181 398
81 397
61 396
8 395
132 394
187 393
136 392
22 391
103 390
179 389
41 388
49 387
170 386
52 385
131 384
123 383
118 382
45 381
161 380
149 379
188 378
24 377
93 376
187 375
124 374
153 373
93 372
52 371
107 370
129 369
8 368
12 367
27 366
94 365
47 364
119 363
188 362
185 361
134 360
156 359
192 358
11 357
145 356
116 355
109 354
196 353
59 352
143 351
11 350
170 349
178 348
113 347
101 346
35 345
31 344
77 343
44 342
48 341
129 340
182 339
103 338
30 337
9 336
30 335
47 334
89 333
144 332
5 331
95 330
22 329
156 328
192 327
176 326
46 325
9 324
139 323
66 322
19 321
93 320
84 319
184 318
128 317
36 316
86 315
98 314
41 313
114 312
198 311
109 310
108 309
71 308
54 307
8 306
26 305
108 304
28 303
77 302
118 301
12 300
62 299
48 298
161 297
197 296
52 295
67 294
184 293
86 292
65 291
55 290
11 289
171 288
135 287
88 286
178 285
3 284
39 283
32 282
45 281
90 280
186 279
59 278
136 277
179 276
79 275
50 274
130 273
21 272
154 271
97 270
89 269
183 268
117 267
91 266
108 265
46 264
173 263
45 262
45 261
138 260
11 259
80 258
152 257
169 256
29 255
64 254
140 253
51 252
169 251
161 250
45 249
165 248
85 247
2 246
43 245
33 244
142 243
41 242
58 241
114 240
115 239
166 238
151 237
45 236
70 235
52 234
108 233
82 232
135 231
170 230
145 229
27 228
148 227
63 226
143 225
172 224
152 223
76 222
2 221
80 220
102 219
59 218
42 217
148 216
139 215
45 214
86 213
108 212
86 211
114 210
22 209
188 208
141 207
89 206
75 205
50 204
117 203
184 202
189 201
110 200
13 199
13 198
72 197
67 196
40 195
178 194
20 193
103 192
117 191
79 190
168 189
6 188
109 187
34 186
99 185
29 184
8 183
9 182
62 181
18 180
36 179
0 178
41 177
145 176
147 175
110 174
32 173
138 172
119 171
10 170
66 169
198 168
165 167
35 166
175 165
79 164
12 163
149 162
59 161
111 160
176 159
79 158
186 157
137 156
55 155
113 154
98 153
60 152
48 151
50 150
16 149
14 148
147 147
56 146
88 145
13 144
96 143
177 142
68 141
89 140
80 139
110 138
176 137
165 136
42 135
64 134
32 133
188 132
115 131
50 130
135 129
0 128
21 127
22 126
13 125
45 124
115 123
83 122
36 121
124 120
30 119
92 118
167 117
164 116
23 115
92 114
126 113
84 112
194 111
30 110
75 109
35 108
147 107
185 106
195 105
71 104
111 103
0 102
57 101
124 100
185 99
71 98
21 97
29 96
152 95
137 94
156 93
142 92
162 91
183 90
100 89
114 88
160 87
3 86
6 85
176 84
77 83
186 82
9 81
128 80
35 79
80 78
103 77
100 76
164 75
198 74
198 73
1 72
90 71
102 70
69 69
45 68
187 67
143 66
120 65
2 64
189 63
92 62
155 61
120 60
170 59
158 58
47 57
74 56
32 55
162 54
35 53
158 52
16 51
117 50
19 49
128 48
192 47
36 46
181 45
64 44
79 43
137 42
110 41
143 40
53 39
7 38
144 37
73 36
157 35
118 34
158 33
133 32
64 31
114 30
54 29
160 28
174 27
182 26
33 25
30 24
163 23
70 22
58 21
114 20
52 19
114 18
48 17
62 16
157 15
134 14
18 13
83 12
177 11
70 10
166 9
172 8
21 7
79 6
54 5
126 4
185 3
161 2
144 1
237
